       1
       1
       1
       1
      12
       5
       7
       9
       5
       5
       5
      10
       2
      10
       9
       7
      10
       9
      11
       3
       1
      12
       3
       3
       3
       3
       3
      12
       2
      11
       3
      10
       2
      10
      12
      10
      10
      10
       9
       8
       9
       5
      11
      12
      10
      10
       8
       5
       5
       5
      12
      11
      11
       2
      12
       3
       1
       2
       2
       2
       2
       2
      11
       7
       5
       7
      12
       7
       7
       7
       5
       8
       1
       1
       1
      12
       4
      12
       3
      12
       5
       6
      12
       6
       6
       6
       6
       9
       7
       7
       7
      11
      11
      12
      12
       4
       6
       8
       7
       8
       8
       8
       8
      10
      10
      12
       4
      12
       7
       8
      12
       8
      12
       6
      12
       4
       8
      12
       8
      12
       4
       4
       4
      12
       5
      11
      12
      11
      12
      12
       9
      12
      12
      12
       6
       9
      12
      12
      12
      12
       4
      12
       4
       4
       4
      12
      12
      12
      12
      12
      12
      12
      11
      11
      12
      12
      12
      12
      12
      12
      12
      12
      12
       3
      12
      12
      12
      12
      12
      12
      12
      12
      12
      12
      12
      12
      12
      12
      12
      12
