0.5034    0.6902    0.5000    
0.5062    0.6825    0.5000    
0.5133    0.6784    0.5000    
0.5214    0.6798    0.5000    
0.5510    0.4657    0.5000    
0.6871    0.3048    0.5000    
0.7997    0.7213    0.5000    
0.9523    0.5621    0.5000    
0.6890    0.2979    0.5000    
0.6940    0.2928    0.5000    
0.7010    0.2909    0.5000    
0.5756    0.1697    0.5000    
0.4135    0.5415    0.5000    
0.5775    0.1627    0.5000    
0.9557    0.5541    0.5000    
0.8015    0.7143    0.5000    
0.5826    0.1576    0.5000    
0.9637    0.5508    0.5000    
0.6143    0.8066    0.5000    
0.4306    0.2223    0.5000    
0.5267    0.6861    0.5000    
0.5511    0.4626    0.5000    
0.4330    0.2148    0.5000    
0.4394    0.2102    0.5000    
0.4363    0.2190    0.5000    
0.4535    0.2148    0.5000    
0.4560    0.2223    0.5000    
0.5516    0.4595    0.5000    
0.4163    0.5338    0.5000    
0.6162    0.7996    0.5000    
0.4535    0.2297    0.5000    
0.5895    0.1558    0.5000    
0.4200    0.5467    0.5000    
0.5965    0.1576    0.5000    
0.5523    0.4565    0.5000    
0.6015    0.1627    0.5000    
0.6034    0.1697    0.5000    
0.6015    0.1766    0.5000    
0.9717    0.5541    0.5000    
0.8352    0.4417    0.5000    
0.9750    0.5621    0.5000    
0.7079    0.2928    0.5000    
0.6213    0.7945    0.5000    
0.5534    0.4535    0.5000    
0.5965    0.1817    0.5000    
0.5895    0.1835    0.5000    
0.8370    0.4347    0.5000    
0.7130    0.2979    0.5000    
0.7149    0.3048    0.5000    
0.7130    0.3118    0.5000    
0.5547    0.4507    0.5000    
0.6238    0.7887    0.5000    
0.6369    0.7849    0.5000    
0.4294    0.5352    0.5000    
0.5563    0.4480    0.5000    
0.4472    0.2343    0.5000    
0.5267    0.6943    0.5000    
0.4368    0.5374    0.5000    
0.4368    0.5456    0.5000    
0.4315    0.5519    0.5000    
0.4234    0.5533    0.5000    
0.4163    0.5492    0.5000    
0.6402    0.7996    0.5000    
0.8066    0.7092    0.5000    
0.7079    0.3169    0.5000    
0.8136    0.7074    0.5000    
0.5581    0.4455    0.5000    
0.8205    0.7092    0.5000    
0.8256    0.7143    0.5000    
0.8274    0.7213    0.5000    
0.7010    0.3187    0.5000    
0.8421    0.4297    0.5000    
0.5214    0.7006    0.5000    
0.5133    0.7021    0.5000    
0.5062    0.6979    0.5000    
0.5602    0.4431    0.5000    
0.2386    0.2667    0.5000    
0.5624    0.4410    0.5000    
0.4394    0.2343    0.5000    
0.5649    0.4391    0.5000    
0.6940    0.3169    0.5000    
0.3222    0.4261    0.5000    
0.5676    0.4375    0.5000    
0.3255    0.4181    0.5000    
0.3335    0.4148    0.5000    
0.3415    0.4181    0.5000    
0.3449    0.4261    0.5000    
0.9717    0.5701    0.5000    
0.8256    0.7282    0.5000    
0.8205    0.7333    0.5000    
0.8136    0.7351    0.5000    
0.6421    0.8066    0.5000    
0.6402    0.8135    0.5000    
0.5704    0.4361    0.5000    
0.5733    0.4350    0.5000    
0.2407    0.2596    0.5000    
0.3415    0.4341    0.5000    
0.8425    0.4366    0.5000    
0.8066    0.7333    0.5000    
0.8560    0.4297    0.5000    
0.8611    0.4347    0.5000    
0.8629    0.4417    0.5000    
0.8611    0.4486    0.5000    
0.5826    0.1817    0.5000    
0.5775    0.1766    0.5000    
0.5763    0.4341    0.5000    
0.2464    0.2547    0.5000    
0.5794    0.4336    0.5000    
0.8015    0.7282    0.5000    
0.8560    0.4537    0.5000    
0.5825    0.4334    0.5000    
0.8491    0.4556    0.5000    
0.5856    0.4335    0.5000    
0.3335    0.4374    0.5000    
0.5887    0.4338    0.5000    
0.2538    0.2536    0.5000    
0.8421    0.4537    0.5000    
0.5918    0.4345    0.5000    
0.8370    0.4486    0.5000    
0.5947    0.4355    0.5000    
0.2612    0.2753    0.5000    
0.2646    0.2630    0.5000    
0.2646    0.2705    0.5000    
0.5976    0.4367    0.5000    
0.6890    0.3118    0.5000    
0.6352    0.8186    0.5000    
0.6003    0.4382    0.5000    
0.6282    0.8204    0.5000    
0.6029    0.4400    0.5000    
0.6053    0.4420    0.5000    
0.9637    0.5735    0.5000    
0.6075    0.4443    0.5000    
0.6094    0.4467    0.5000    
0.6111    0.4493    0.5000    
0.3255    0.4341    0.5000    
0.9557    0.5701    0.5000    
0.6126    0.4521    0.5000    
0.6138    0.4550    0.5000    
0.6147    0.4580    0.5000    
0.6153    0.4610    0.5000    
0.2606    0.2768    0.5000    
0.6156    0.4641    0.5000    
0.2538    0.2799    0.5000    
0.2464    0.2788    0.5000    
0.2407    0.2739    0.5000    
0.6156    0.4673    0.5000    
0.6153    0.4704    0.5000    
0.6147    0.4734    0.5000    
0.6138    0.4764    0.5000    
0.6126    0.4793    0.5000    
0.6111    0.4821    0.5000    
0.6094    0.4847    0.5000    
0.6213    0.8186    0.5000    
0.6162    0.8135    0.5000    
0.6075    0.4871    0.5000    
0.6053    0.4894    0.5000    
0.6029    0.4914    0.5000    
0.6003    0.4931    0.5000    
0.5976    0.4947    0.5000    
0.5947    0.4959    0.5000    
0.5918    0.4969    0.5000    
0.5887    0.4975    0.5000    
0.5856    0.4979    0.5000    
0.4330    0.2297    0.5000    
0.5825    0.4980    0.5000    
0.5794    0.4978    0.5000    
0.5763    0.4972    0.5000    
0.5733    0.4964    0.5000    
0.5704    0.4953    0.5000    
0.5676    0.4939    0.5000    
0.5649    0.4923    0.5000    
0.5624    0.4904    0.5000    
0.5602    0.4883    0.5000    
0.5581    0.4859    0.5000    
0.5563    0.4834    0.5000    
0.5547    0.4807    0.5000    
0.5534    0.4779    0.5000    
0.5523    0.4749    0.5000    
0.5516    0.4719    0.5000    
0.5511    0.4688    0.5000    
