0.0410    0.6175    0.5000
0.1781    0.5504    0.5000
0.2640    0.4079    0.5000
0.3465    0.3333    0.5000
0.2995    0.4824    0.5000
0.3337    0.5746    0.5000
0.4191    0.6991    0.5000
0.4281    0.5558    0.5000
0.4466    0.4150    0.5000
0.4270    0.2591    0.5000
0.4809    0.1359    0.5000
0.3093    0.1996    0.5000
0.3697    0.0932    0.5000
0.6223    0.4755    0.5000
0.5645    0.6407    0.5000
0.7758    0.4441    0.5000
0.6889    0.6417    0.5000
0.8291    0.6855    0.5000
0.7672    0.5278    0.5000
0.9169    0.5996    0.5000
0.9548    0.4779    0.5000
0.7413    0.3588    0.5000
0.8943    0.2788    0.5000
0.8072    0.2070    0.5000 