11111
1
2
4
74
57
21
75
3
73
11111
33
54
60
13
61
59
62
29
58
11111
56
20
26
23
31
24
164
79
25
27
11111
122
145
144
141
107
96
121
123
77
143
116
11111
48
65
11
42
81
125
9
10
6
50
49
71
11111
82
85
86
135
87
84
97
114
11111
90
66
64
7
70
68
16
91
69
89
99
109
11111
102
98
117
72
47
103
112
101
40
100
110
119
11111
8
39
18
88
131
15
136
41
11111
12
14
104
105
36
32
34
45
38
17
46
37
11111
19
52
30
53
43
154
153
63
93
128
126
92